10
1000.000000 999.513485 3.000000 0.000000 -0.168007
1000.000000 998.621310 2.000000 0.000000 -0.130729
1000.000000 997.750793 1.000000 0.000000 -0.085984
1000.000000 996.895878 3.000000 0.000000 -0.035960
1000.000000 996.044788 1.000000 0.000000 0.015649
1000.000000 995.190109 3.000000 0.000000 0.065338
1000.000000 994.323559 2.000000 0.000000 0.111335
1000.000000 993.433223 1.000000 0.000000 0.149605
1000.000000 992.514900 1.000000 0.000000 0.178466
1000.000000 991.563244 1.000000 0.000000 0.196031
